(kicad_pcb (version 20171130) (host pcbnew "(5.1.9)-1")

  (general
    (thickness 1.6)
    (drawings 11)
    (tracks 256)
    (zones 0)
    (modules 39)
    (nets 20)
  )

  (page A4)
  (layers
    (0 F.Cu signal)
    (1 In1.Cu signal)
    (2 In2.Cu signal)
    (31 B.Cu signal)
    (32 B.Adhes user)
    (33 F.Adhes user)
    (34 B.Paste user)
    (35 F.Paste user)
    (36 B.SilkS user)
    (37 F.SilkS user)
    (38 B.Mask user)
    (39 F.Mask user hide)
    (40 Dwgs.User user)
    (41 Cmts.User user)
    (42 Eco1.User user)
    (43 Eco2.User user)
    (44 Edge.Cuts user)
    (45 Margin user)
    (46 B.CrtYd user)
    (47 F.CrtYd user)
    (48 B.Fab user hide)
    (49 F.Fab user hide)
  )

  (setup
    (last_trace_width 0.25)
    (user_trace_width 0.15)
    (user_trace_width 0.25)
    (user_trace_width 0.4)
    (user_trace_width 0.6)
    (user_trace_width 0.8)
    (trace_clearance 0.2)
    (zone_clearance 0.15)
    (zone_45_only no)
    (trace_min 0.1)
    (via_size 0.8)
    (via_drill 0.4)
    (via_min_size 0.4)
    (via_min_drill 0.1)
    (user_via 0.5 0.15)
    (uvia_size 0.3)
    (uvia_drill 0.1)
    (uvias_allowed no)
    (uvia_min_size 0.2)
    (uvia_min_drill 0.1)
    (edge_width 0.05)
    (segment_width 0.2)
    (pcb_text_width 0.3)
    (pcb_text_size 1.5 1.5)
    (mod_edge_width 0.12)
    (mod_text_size 0.8 0.8)
    (mod_text_width 0.1)
    (pad_size 1 1)
    (pad_drill 0)
    (pad_to_mask_clearance 0.05)
    (aux_axis_origin 0 0)
    (visible_elements 7FFFFFFF)
    (pcbplotparams
      (layerselection 0x010fc_ffffffff)
      (usegerberextensions false)
      (usegerberattributes true)
      (usegerberadvancedattributes true)
      (creategerberjobfile true)
      (excludeedgelayer true)
      (linewidth 0.100000)
      (plotframeref false)
      (viasonmask false)
      (mode 1)
      (useauxorigin false)
      (hpglpennumber 1)
      (hpglpenspeed 20)
      (hpglpendiameter 15.000000)
      (psnegative false)
      (psa4output false)
      (plotreference true)
      (plotvalue true)
      (plotinvisibletext false)
      (padsonsilk false)
      (subtractmaskfromsilk false)
      (outputformat 1)
      (mirror false)
      (drillshape 1)
      (scaleselection 1)
      (outputdirectory ""))
  )

  (net 0 "")
  (net 1 GND)
  (net 2 +3V3)
  (net 3 /Sensing_Network_1/OUT1)
  (net 4 /Sensing_Network_1/OUT2)
  (net 5 /Sensing_Network_2/OUT1)
  (net 6 /Sensing_Network_2/OUT2)
  (net 7 /CLKIN)
  (net 8 "Net-(JP3-Pad1)")
  (net 9 "Net-(JP4-Pad1)")
  (net 10 /IN0A)
  (net 11 /IN0B)
  (net 12 /IN1A)
  (net 13 /IN1B)
  (net 14 /SCL)
  (net 15 /SDA)
  (net 16 /EN)
  (net 17 /INTB)
  (net 18 /ADDR)
  (net 19 /VCC)

  (net_class Default "This is the default net class."
    (clearance 0.2)
    (trace_width 0.25)
    (via_dia 0.8)
    (via_drill 0.4)
    (uvia_dia 0.3)
    (uvia_drill 0.1)
    (add_net +3V3)
    (add_net /ADDR)
    (add_net /CLKIN)
    (add_net /EN)
    (add_net /IN0A)
    (add_net /IN0B)
    (add_net /IN1A)
    (add_net /IN1B)
    (add_net /INTB)
    (add_net /SCL)
    (add_net /SDA)
    (add_net /Sensing_Network_1/OUT1)
    (add_net /Sensing_Network_1/OUT2)
    (add_net /Sensing_Network_2/OUT1)
    (add_net /Sensing_Network_2/OUT2)
    (add_net /VCC)
    (add_net GND)
    (add_net "Net-(JP3-Pad1)")
    (add_net "Net-(JP4-Pad1)")
  )

  (module Locator_Footprints:SIP32432DR3 (layer F.Cu) (tedit 6033110E) (tstamp 5F680A24)
    (at 96.43 54.832 90)
    (descr "10 pA, Ultra Low Leakage and Quiescent Current, Load Switch with Reverse Blocking")
    (path /5F71D806)
    (attr smd)
    (fp_text reference U2 (at 0.025 1.806 180) (layer F.SilkS)
      (effects (font (size 0.8 0.8) (thickness 0.15)))
    )
    (fp_text value SIP32432DR3 (at 5.628 2.008 90) (layer F.Fab)
      (effects (font (size 0.8 0.8) (thickness 0.015)))
    )
    (fp_line (start -0.625 1) (end 0.625 1) (layer F.Fab) (width 0.127))
    (fp_line (start 0.625 1) (end 0.625 -1) (layer F.Fab) (width 0.127))
    (fp_line (start 0.625 -1) (end -0.625 -1) (layer F.Fab) (width 0.127))
    (fp_line (start -0.625 -1) (end -0.625 1) (layer F.Fab) (width 0.127))
    (fp_line (start -1.805 1.25) (end 1.805 1.25) (layer F.CrtYd) (width 0.05))
    (fp_line (start 1.805 1.25) (end 1.805 -1.25) (layer F.CrtYd) (width 0.05))
    (fp_line (start 1.805 -1.25) (end -1.805 -1.25) (layer F.CrtYd) (width 0.05))
    (fp_line (start -1.805 -1.25) (end -1.805 1.25) (layer F.CrtYd) (width 0.05))
    (fp_circle (center -1.256 -1.176) (end -1.156 -1.176) (layer F.SilkS) (width 0.2))
    (fp_circle (center -1.256 -1.176) (end -1.156 -1.176) (layer F.Fab) (width 0.2))
    (pad 1 smd rect (at -0.96 -0.65 90) (size 1.19 0.4) (layers F.Cu F.Paste F.Mask)
      (net 19 /VCC))
    (pad 2 smd rect (at -0.96 0 90) (size 1.19 0.4) (layers F.Cu F.Paste F.Mask)
      (net 1 GND) (zone_connect 2))
    (pad 3 smd rect (at -0.96 0.65 90) (size 1.19 0.4) (layers F.Cu F.Paste F.Mask)
      (net 16 /EN))
    (pad 4 smd rect (at 0.96 0.65 90) (size 1.19 0.4) (layers F.Cu F.Paste F.Mask)
      (net 2 +3V3))
    (pad 5 smd rect (at 0.96 0 90) (size 1.19 0.4) (layers F.Cu F.Paste F.Mask)
      (net 1 GND) (zone_connect 2))
    (pad 6 smd rect (at 0.96 -0.65 90) (size 1.19 0.4) (layers F.Cu F.Paste F.Mask))
    (model "C:/Users/skull/Documents/KiCAD Workspace/locator-dev-board/KiCAD project/Libraries/SIP32432DR3/SIP32432DR3-T1GE3.stp"
      (at (xyz 0 0 0))
      (scale (xyz 1 1 1))
      (rotate (xyz 0 0 0))
    )
  )

  (module Locator_Footprints:625L3C040M00000 (layer F.Cu) (tedit 603310EF) (tstamp 5F67F8CB)
    (at 86.408 55.348 270)
    (descr "40MHz XO (Standard) CMOS Oscillator 3.3V Enable/Disable 4-SMD, No Lead")
    (path /5F905923)
    (attr smd)
    (fp_text reference Y1 (at -0.915 -1.752 270) (layer F.SilkS)
      (effects (font (size 0.8 0.8) (thickness 0.15)) (justify right))
    )
    (fp_text value Val** (at 0.298 10.056 90) (layer F.SilkS) hide
      (effects (font (size 1.27 1.27) (thickness 0.15)))
    )
    (fp_line (start -1.325 1.075) (end -1.325 -1.075) (layer F.Fab) (width 0.15))
    (fp_line (start -1.325 -1.075) (end 1.325 -1.075) (layer F.Fab) (width 0.15))
    (fp_line (start 1.325 -1.075) (end 1.325 1.075) (layer F.Fab) (width 0.15))
    (fp_line (start 1.325 1.075) (end -1.325 1.075) (layer F.Fab) (width 0.15))
    (fp_line (start 1.375 -1.125) (end 1.375 -1.125) (layer F.CrtYd) (width 0.15))
    (fp_line (start 1.375 -1.125) (end -1.375 -1.125) (layer F.CrtYd) (width 0.15))
    (fp_line (start -1.375 -1.125) (end -1.375 1.125) (layer F.CrtYd) (width 0.15))
    (fp_line (start -1.375 1.125) (end 1.375 1.125) (layer F.CrtYd) (width 0.15))
    (fp_line (start 1.375 1.125) (end 1.375 -1.125) (layer F.CrtYd) (width 0.15))
    (fp_circle (center -1.658 0.827) (end -1.533 0.827) (layer F.SilkS) (width 0.25))
    (pad 1 smd rect (at -0.85 0.65 270) (size 1 0.9) (layers F.Cu F.Paste F.Mask)
      (net 8 "Net-(JP3-Pad1)"))
    (pad 2 smd rect (at 0.85 0.65 270) (size 1 0.9) (layers F.Cu F.Paste F.Mask)
      (net 1 GND))
    (pad 3 smd rect (at 0.85 -0.65 270) (size 1 0.9) (layers F.Cu F.Paste F.Mask)
      (net 9 "Net-(JP4-Pad1)"))
    (pad 4 smd rect (at -0.85 -0.65 270) (size 1 0.9) (layers F.Cu F.Paste F.Mask)
      (net 19 /VCC))
    (model "C:/Users/skull/Documents/KiCAD Workspace/locator-dev-board/KiCAD project/Libraries/625L3C040M00000/CTS_Components_-_625L3C040M00000.step"
      (at (xyz 0 0 0))
      (scale (xyz 1 1 1))
      (rotate (xyz 0 0 0))
    )
  )

  (module Locator_Footprints:FDC2112-Q1 (layer F.Cu) (tedit 603310C8) (tstamp 5F5E6EE3)
    (at 91.36 53.21 90)
    (descr "EMI-Resistant 28-Bit, 12-Bit Capacitance-to-Digital Converter for Proximity and Level Sensing Applications")
    (tags "Integrated Circuit")
    (path /5F29EC4D)
    (attr smd)
    (fp_text reference U1 (at -0.092 -2.565 90) (layer F.SilkS)
      (effects (font (size 0.8 0.8) (thickness 0.15)))
    )
    (fp_text value FDC2212DNTT (at 0.01 4.43 90) (layer F.SilkS) hide
      (effects (font (size 1.27 1.27) (thickness 0.254)))
    )
    (fp_circle (center -2.375 -1.9) (end -2.375 -1.775) (layer F.SilkS) (width 0.25))
    (fp_line (start -2 -1) (end -1 -2) (layer F.Fab) (width 0.1))
    (fp_line (start -2 2) (end -2 -2) (layer F.Fab) (width 0.1))
    (fp_line (start 2 2) (end -2 2) (layer F.Fab) (width 0.1))
    (fp_line (start 2 -2) (end 2 2) (layer F.Fab) (width 0.1))
    (fp_line (start -2 -2) (end 2 -2) (layer F.Fab) (width 0.1))
    (fp_line (start -2.625 2.3) (end -2.625 -2.3) (layer F.CrtYd) (width 0.05))
    (fp_line (start 2.625 2.3) (end -2.625 2.3) (layer F.CrtYd) (width 0.05))
    (fp_line (start 2.625 -2.3) (end 2.625 2.3) (layer F.CrtYd) (width 0.05))
    (fp_line (start -2.625 -2.3) (end 2.625 -2.3) (layer F.CrtYd) (width 0.05))
    (pad "" smd roundrect (at -0.68 0.76 90) (size 1.15 1.31) (layers F.Paste) (roundrect_rratio 0.019))
    (pad "" smd roundrect (at -0.68 -0.76 90) (size 1.15 1.31) (layers F.Paste) (roundrect_rratio 0.019))
    (pad "" smd roundrect (at 0.68 -0.76 90) (size 1.15 1.31) (layers F.Paste) (roundrect_rratio 0.019))
    (pad "" smd roundrect (at 0.68 0.76 90) (size 1.15 1.31) (layers F.Paste) (roundrect_rratio 0.019))
    (pad 13 thru_hole circle (at 0 -1.2 90) (size 0.5 0.5) (drill 0.15) (layers *.Cu F.Mask)
      (net 1 GND) (zone_connect 2))
    (pad 13 thru_hole circle (at 0 1.2 90) (size 0.5 0.5) (drill 0.15) (layers *.Cu F.Mask)
      (net 1 GND) (zone_connect 2))
    (pad 13 thru_hole circle (at -1 0 90) (size 0.5 0.5) (drill 0.15) (layers *.Cu F.Mask)
      (net 1 GND) (zone_connect 2))
    (pad 13 thru_hole circle (at 1 0 180) (size 0.5 0.5) (drill 0.15) (layers *.Cu F.Mask)
      (net 1 GND) (zone_connect 2))
    (pad 13 thru_hole circle (at 0 0 90) (size 0.5 0.5) (drill 0.15) (layers *.Cu F.Mask)
      (net 1 GND) (zone_connect 2))
    (pad 13 smd roundrect (at 0 0 90) (size 2.6 3) (layers F.Cu F.Mask) (roundrect_rratio 0.019)
      (net 1 GND) (solder_mask_margin 0.07))
    (pad 12 smd roundrect (at 1.9 -1.25 180) (size 0.25 0.6) (layers F.Cu F.Paste F.Mask) (roundrect_rratio 0.2)
      (net 13 /IN1B) (solder_mask_margin 0.07))
    (pad 11 smd roundrect (at 1.9 -0.75 180) (size 0.25 0.6) (layers F.Cu F.Paste F.Mask) (roundrect_rratio 0.2)
      (net 12 /IN1A) (solder_mask_margin 0.07))
    (pad 10 smd roundrect (at 1.9 -0.25 180) (size 0.25 0.6) (layers F.Cu F.Paste F.Mask) (roundrect_rratio 0.2)
      (net 11 /IN0B) (solder_mask_margin 0.07))
    (pad 9 smd roundrect (at 1.9 0.25 180) (size 0.25 0.6) (layers F.Cu F.Paste F.Mask) (roundrect_rratio 0.2)
      (net 10 /IN0A) (solder_mask_margin 0.07))
    (pad 8 smd roundrect (at 1.9 0.75 180) (size 0.25 0.6) (layers F.Cu F.Paste F.Mask) (roundrect_rratio 0.2)
      (net 1 GND) (solder_mask_margin 0.07))
    (pad 7 smd roundrect (at 1.9 1.25 180) (size 0.25 0.6) (layers F.Cu F.Paste F.Mask) (roundrect_rratio 0.2)
      (net 19 /VCC) (solder_mask_margin 0.07))
    (pad 6 smd roundrect (at -1.9 1.25 180) (size 0.25 0.6) (layers F.Cu F.Paste F.Mask) (roundrect_rratio 0.2)
      (net 1 GND) (solder_mask_margin 0.07))
    (pad 5 smd roundrect (at -1.9 0.75 180) (size 0.25 0.6) (layers F.Cu F.Paste F.Mask) (roundrect_rratio 0.2)
      (net 17 /INTB) (solder_mask_margin 0.07))
    (pad 4 smd roundrect (at -1.9 0.25 180) (size 0.25 0.6) (layers F.Cu F.Paste F.Mask) (roundrect_rratio 0.2)
      (net 18 /ADDR) (solder_mask_margin 0.07))
    (pad 3 smd roundrect (at -1.9 -0.25 180) (size 0.25 0.6) (layers F.Cu F.Paste F.Mask) (roundrect_rratio 0.2)
      (net 7 /CLKIN) (solder_mask_margin 0.07))
    (pad 2 smd roundrect (at -1.9 -0.75 180) (size 0.25 0.6) (layers F.Cu F.Paste F.Mask) (roundrect_rratio 0.2)
      (net 15 /SDA) (solder_mask_margin 0.07))
    (pad 1 smd roundrect (at -1.9 -1.25 180) (size 0.25 0.6) (layers F.Cu F.Paste F.Mask) (roundrect_rratio 0.2)
      (net 14 /SCL) (solder_mask_margin 0.07))
    (model "C:/Users/skull/Documents/KiCAD Workspace/locator-dev-board/KiCAD project/Libraries/FDC2112/FDC2112DNTR.STEP"
      (at (xyz 0 0 0))
      (scale (xyz 1 1 1))
      (rotate (xyz -90 0 -90))
    )
  )

  (module Locator_Footprints:Capacitive_Sensor_Module_Footprint_2 (layer F.Cu) (tedit 5F777EE6) (tstamp 5F5F823C)
    (at 91 53.5 90)
    (path /5F1088F7)
    (fp_text reference J1 (at -1.907 -9.779) (layer F.SilkS) hide
      (effects (font (size 0.8 0.8) (thickness 0.1)))
    )
    (fp_text value FDC2112_Module_DIP (at 0 0 90) (layer F.Fab)
      (effects (font (size 1 1) (thickness 0.15)))
    )
    (fp_line (start -4 -9) (end -4 9) (layer F.Fab) (width 0.12))
    (fp_line (start 16 -9) (end -4 -9) (layer F.Fab) (width 0.12))
    (fp_line (start 16 9) (end 16 -9) (layer F.Fab) (width 0.12))
    (fp_line (start -4 9) (end 16 9) (layer F.Fab) (width 0.12))
    (fp_line (start -3.39 8.35) (end -3.39 -8.35) (layer F.CrtYd) (width 0.05))
    (fp_line (start 3.39 8.35) (end -3.39 8.35) (layer F.CrtYd) (width 0.05))
    (fp_line (start 3.39 -8.35) (end 3.39 8.35) (layer F.CrtYd) (width 0.05))
    (fp_line (start -3.39 -8.35) (end 3.39 -8.35) (layer F.CrtYd) (width 0.05))
    (fp_text user 1 (at -2.55 6.5 180) (layer F.SilkS) hide
      (effects (font (size 0.8 0.8) (thickness 0.15)))
    )
    (pad 3 thru_hole circle (at 2.54 7.5 90) (size 1.7 1.7) (drill 1) (layers *.Cu *.Mask)
      (net 1 GND))
    (pad 4 thru_hole circle (at 2.54 -7.5 90) (size 1.7 1.7) (drill 1) (layers *.Cu *.Mask)
      (net 14 /SCL))
    (pad 2 thru_hole circle (at 0 7.5 90) (size 1.7 1.7) (drill 1) (layers *.Cu *.Mask)
      (net 2 +3V3))
    (pad 5 thru_hole circle (at 0 -7.5 90) (size 1.7 1.7) (drill 1) (layers *.Cu *.Mask)
      (net 15 /SDA))
    (pad 1 thru_hole rect (at -2.54 7.5 90) (size 1.7 1.7) (drill 1) (layers *.Cu *.Mask)
      (net 16 /EN))
    (pad 6 thru_hole circle (at -2.54 -7.5 90) (size 1.7 1.7) (drill 1) (layers *.Cu *.Mask)
      (net 17 /INTB))
  )

  (module TestPoint:TestPoint_Pad_D1.0mm (layer B.Cu) (tedit 5F6A01AF) (tstamp 5F6A161B)
    (at 94.326 53.29)
    (descr "SMD pad as test Point, diameter 1.0mm")
    (tags "test point SMD pad")
    (path /5F73753E)
    (attr virtual)
    (fp_text reference TP1 (at -0.003 1.262) (layer B.SilkS)
      (effects (font (size 0.8 0.8) (thickness 0.15)) (justify mirror))
    )
    (fp_text value GND (at 0 -1.55) (layer B.Fab)
      (effects (font (size 1 1) (thickness 0.15)) (justify mirror))
    )
    (fp_circle (center 0 0) (end 1 0) (layer B.CrtYd) (width 0.05))
    (fp_circle (center 0 0) (end 0 -0.7) (layer B.SilkS) (width 0.12))
    (fp_text user %R (at 0 1.45) (layer B.Fab)
      (effects (font (size 1 1) (thickness 0.15)) (justify mirror))
    )
    (pad 1 smd circle (at 0 0) (size 1 1) (layers B.Cu B.Mask)
      (net 19 /VCC))
  )

  (module Capacitor_SMD:C_0603_1608Metric (layer F.Cu) (tedit 5B301BBE) (tstamp 5F6695A1)
    (at 86.551 53.128 180)
    (descr "Capacitor SMD 0603 (1608 Metric), square (rectangular) end terminal, IPC_7351 nominal, (Body size source: http://www.tortai-tech.com/upload/download/2011102023233369053.pdf), generated with kicad-footprint-generator")
    (tags capacitor)
    (path /5F90F5F7)
    (attr smd)
    (fp_text reference C14 (at 0.103 0.933) (layer F.SilkS)
      (effects (font (size 0.8 0.8) (thickness 0.15)))
    )
    (fp_text value 0.01uF (at 0 1.43) (layer F.Fab)
      (effects (font (size 1 1) (thickness 0.15)))
    )
    (fp_line (start 1.48 0.73) (end -1.48 0.73) (layer F.CrtYd) (width 0.05))
    (fp_line (start 1.48 -0.73) (end 1.48 0.73) (layer F.CrtYd) (width 0.05))
    (fp_line (start -1.48 -0.73) (end 1.48 -0.73) (layer F.CrtYd) (width 0.05))
    (fp_line (start -1.48 0.73) (end -1.48 -0.73) (layer F.CrtYd) (width 0.05))
    (fp_line (start -0.162779 0.51) (end 0.162779 0.51) (layer F.SilkS) (width 0.12))
    (fp_line (start -0.162779 -0.51) (end 0.162779 -0.51) (layer F.SilkS) (width 0.12))
    (fp_line (start 0.8 0.4) (end -0.8 0.4) (layer F.Fab) (width 0.1))
    (fp_line (start 0.8 -0.4) (end 0.8 0.4) (layer F.Fab) (width 0.1))
    (fp_line (start -0.8 -0.4) (end 0.8 -0.4) (layer F.Fab) (width 0.1))
    (fp_line (start -0.8 0.4) (end -0.8 -0.4) (layer F.Fab) (width 0.1))
    (fp_text user %R (at 0 0) (layer F.Fab)
      (effects (font (size 0.4 0.4) (thickness 0.06)))
    )
    (pad 2 smd roundrect (at 0.7875 0 180) (size 0.875 0.95) (layers F.Cu F.Paste F.Mask) (roundrect_rratio 0.25)
      (net 1 GND))
    (pad 1 smd roundrect (at -0.7875 0 180) (size 0.875 0.95) (layers F.Cu F.Paste F.Mask) (roundrect_rratio 0.25)
      (net 19 /VCC))
    (model ${KISYS3DMOD}/Capacitor_SMD.3dshapes/C_0603_1608Metric.wrl
      (at (xyz 0 0 0))
      (scale (xyz 1 1 1))
      (rotate (xyz 0 0 0))
    )
  )

  (module Resistor_SMD:R_0603_1608Metric (layer F.Cu) (tedit 5B301BBD) (tstamp 5F5F81DA)
    (at 88.498 48.064 270)
    (descr "Resistor SMD 0603 (1608 Metric), square (rectangular) end terminal, IPC_7351 nominal, (Body size source: http://www.tortai-tech.com/upload/download/2011102023233369053.pdf), generated with kicad-footprint-generator")
    (tags resistor)
    (path /5F1662AF/5F15F8F7)
    (attr smd)
    (fp_text reference R7 (at -0.13 1.19 90) (layer F.SilkS)
      (effects (font (size 0.8 0.8) (thickness 0.15)))
    )
    (fp_text value 0R (at 0 1.43 90) (layer F.Fab)
      (effects (font (size 1 1) (thickness 0.15)))
    )
    (fp_line (start -0.8 0.4) (end -0.8 -0.4) (layer F.Fab) (width 0.1))
    (fp_line (start -0.8 -0.4) (end 0.8 -0.4) (layer F.Fab) (width 0.1))
    (fp_line (start 0.8 -0.4) (end 0.8 0.4) (layer F.Fab) (width 0.1))
    (fp_line (start 0.8 0.4) (end -0.8 0.4) (layer F.Fab) (width 0.1))
    (fp_line (start -0.162779 -0.51) (end 0.162779 -0.51) (layer F.SilkS) (width 0.12))
    (fp_line (start -0.162779 0.51) (end 0.162779 0.51) (layer F.SilkS) (width 0.12))
    (fp_line (start -1.48 0.73) (end -1.48 -0.73) (layer F.CrtYd) (width 0.05))
    (fp_line (start -1.48 -0.73) (end 1.48 -0.73) (layer F.CrtYd) (width 0.05))
    (fp_line (start 1.48 -0.73) (end 1.48 0.73) (layer F.CrtYd) (width 0.05))
    (fp_line (start 1.48 0.73) (end -1.48 0.73) (layer F.CrtYd) (width 0.05))
    (fp_text user %R (at 0 0 90) (layer F.Fab)
      (effects (font (size 1 1) (thickness 0.15)))
    )
    (pad 2 smd roundrect (at 0.7875 0 270) (size 0.875 0.95) (layers F.Cu F.Paste F.Mask) (roundrect_rratio 0.25)
      (net 13 /IN1B))
    (pad 1 smd roundrect (at -0.7875 0 270) (size 0.875 0.95) (layers F.Cu F.Paste F.Mask) (roundrect_rratio 0.25)
      (net 6 /Sensing_Network_2/OUT2))
    (model ${KISYS3DMOD}/Resistor_SMD.3dshapes/R_0603_1608Metric.wrl
      (at (xyz 0 0 0))
      (scale (xyz 1 1 1))
      (rotate (xyz 0 0 0))
    )
  )

  (module Capacitor_SMD:C_0603_1608Metric (layer B.Cu) (tedit 5B301BBE) (tstamp 5F5EEA20)
    (at 90.003 44.776 270)
    (descr "Capacitor SMD 0603 (1608 Metric), square (rectangular) end terminal, IPC_7351 nominal, (Body size source: http://www.tortai-tech.com/upload/download/2011102023233369053.pdf), generated with kicad-footprint-generator")
    (tags capacitor)
    (path /5F1662AF/5F15F903)
    (attr smd)
    (fp_text reference C10 (at -0.007 1.154 90) (layer B.SilkS)
      (effects (font (size 0.8 0.8) (thickness 0.15)) (justify mirror))
    )
    (fp_text value 18pF (at 0 -1.43 90) (layer B.Fab)
      (effects (font (size 1 1) (thickness 0.15)) (justify mirror))
    )
    (fp_line (start 1.48 -0.73) (end -1.48 -0.73) (layer B.CrtYd) (width 0.05))
    (fp_line (start 1.48 0.73) (end 1.48 -0.73) (layer B.CrtYd) (width 0.05))
    (fp_line (start -1.48 0.73) (end 1.48 0.73) (layer B.CrtYd) (width 0.05))
    (fp_line (start -1.48 -0.73) (end -1.48 0.73) (layer B.CrtYd) (width 0.05))
    (fp_line (start -0.162779 -0.51) (end 0.162779 -0.51) (layer B.SilkS) (width 0.12))
    (fp_line (start -0.162779 0.51) (end 0.162779 0.51) (layer B.SilkS) (width 0.12))
    (fp_line (start 0.8 -0.4) (end -0.8 -0.4) (layer B.Fab) (width 0.1))
    (fp_line (start 0.8 0.4) (end 0.8 -0.4) (layer B.Fab) (width 0.1))
    (fp_line (start -0.8 0.4) (end 0.8 0.4) (layer B.Fab) (width 0.1))
    (fp_line (start -0.8 -0.4) (end -0.8 0.4) (layer B.Fab) (width 0.1))
    (fp_text user %R (at 0 0 90) (layer B.Fab)
      (effects (font (size 0.4 0.4) (thickness 0.06)) (justify mirror))
    )
    (pad 1 smd roundrect (at -0.7875 0 270) (size 0.875 0.95) (layers B.Cu B.Paste B.Mask) (roundrect_rratio 0.25)
      (net 5 /Sensing_Network_2/OUT1))
    (pad 2 smd roundrect (at 0.7875 0 270) (size 0.875 0.95) (layers B.Cu B.Paste B.Mask) (roundrect_rratio 0.25)
      (net 1 GND))
    (model ${KISYS3DMOD}/Capacitor_SMD.3dshapes/C_0603_1608Metric.wrl
      (at (xyz 0 0 0))
      (scale (xyz 1 1 1))
      (rotate (xyz 0 0 0))
    )
  )

  (module Resistor_SMD:R_0603_1608Metric (layer F.Cu) (tedit 5B301BBD) (tstamp 5F5F81AA)
    (at 90.048 48.064 270)
    (descr "Resistor SMD 0603 (1608 Metric), square (rectangular) end terminal, IPC_7351 nominal, (Body size source: http://www.tortai-tech.com/upload/download/2011102023233369053.pdf), generated with kicad-footprint-generator")
    (tags resistor)
    (path /5F1662AF/5F15F8F1)
    (attr smd)
    (fp_text reference R6 (at 1.838 0.03 180) (layer F.SilkS)
      (effects (font (size 0.8 0.8) (thickness 0.15)))
    )
    (fp_text value 0R (at 0 1.43 90) (layer F.Fab)
      (effects (font (size 1 1) (thickness 0.15)))
    )
    (fp_line (start 1.48 0.73) (end -1.48 0.73) (layer F.CrtYd) (width 0.05))
    (fp_line (start 1.48 -0.73) (end 1.48 0.73) (layer F.CrtYd) (width 0.05))
    (fp_line (start -1.48 -0.73) (end 1.48 -0.73) (layer F.CrtYd) (width 0.05))
    (fp_line (start -1.48 0.73) (end -1.48 -0.73) (layer F.CrtYd) (width 0.05))
    (fp_line (start -0.162779 0.51) (end 0.162779 0.51) (layer F.SilkS) (width 0.12))
    (fp_line (start -0.162779 -0.51) (end 0.162779 -0.51) (layer F.SilkS) (width 0.12))
    (fp_line (start 0.8 0.4) (end -0.8 0.4) (layer F.Fab) (width 0.1))
    (fp_line (start 0.8 -0.4) (end 0.8 0.4) (layer F.Fab) (width 0.1))
    (fp_line (start -0.8 -0.4) (end 0.8 -0.4) (layer F.Fab) (width 0.1))
    (fp_line (start -0.8 0.4) (end -0.8 -0.4) (layer F.Fab) (width 0.1))
    (fp_text user %R (at 0 0 90) (layer F.Fab)
      (effects (font (size 1 1) (thickness 0.15)))
    )
    (pad 1 smd roundrect (at -0.7875 0 270) (size 0.875 0.95) (layers F.Cu F.Paste F.Mask) (roundrect_rratio 0.25)
      (net 5 /Sensing_Network_2/OUT1))
    (pad 2 smd roundrect (at 0.7875 0 270) (size 0.875 0.95) (layers F.Cu F.Paste F.Mask) (roundrect_rratio 0.25)
      (net 12 /IN1A))
    (model ${KISYS3DMOD}/Resistor_SMD.3dshapes/R_0603_1608Metric.wrl
      (at (xyz 0 0 0))
      (scale (xyz 1 1 1))
      (rotate (xyz 0 0 0))
    )
  )

  (module Resistor_SMD:R_0603_1608Metric (layer F.Cu) (tedit 5B301BBD) (tstamp 5F5F802A)
    (at 92.047 48.058 270)
    (descr "Resistor SMD 0603 (1608 Metric), square (rectangular) end terminal, IPC_7351 nominal, (Body size source: http://www.tortai-tech.com/upload/download/2011102023233369053.pdf), generated with kicad-footprint-generator")
    (tags resistor)
    (path /5F156100/5F15F8F7)
    (attr smd)
    (fp_text reference R5 (at 1.831 -0.05 180) (layer F.SilkS)
      (effects (font (size 0.8 0.8) (thickness 0.15)))
    )
    (fp_text value 0R (at 0 1.43 90) (layer F.Fab)
      (effects (font (size 1 1) (thickness 0.15)))
    )
    (fp_line (start 1.48 0.73) (end -1.48 0.73) (layer F.CrtYd) (width 0.05))
    (fp_line (start 1.48 -0.73) (end 1.48 0.73) (layer F.CrtYd) (width 0.05))
    (fp_line (start -1.48 -0.73) (end 1.48 -0.73) (layer F.CrtYd) (width 0.05))
    (fp_line (start -1.48 0.73) (end -1.48 -0.73) (layer F.CrtYd) (width 0.05))
    (fp_line (start -0.162779 0.51) (end 0.162779 0.51) (layer F.SilkS) (width 0.12))
    (fp_line (start -0.162779 -0.51) (end 0.162779 -0.51) (layer F.SilkS) (width 0.12))
    (fp_line (start 0.8 0.4) (end -0.8 0.4) (layer F.Fab) (width 0.1))
    (fp_line (start 0.8 -0.4) (end 0.8 0.4) (layer F.Fab) (width 0.1))
    (fp_line (start -0.8 -0.4) (end 0.8 -0.4) (layer F.Fab) (width 0.1))
    (fp_line (start -0.8 0.4) (end -0.8 -0.4) (layer F.Fab) (width 0.1))
    (fp_text user %R (at 0 0 90) (layer F.Fab)
      (effects (font (size 1 1) (thickness 0.15)))
    )
    (pad 1 smd roundrect (at -0.7875 0 270) (size 0.875 0.95) (layers F.Cu F.Paste F.Mask) (roundrect_rratio 0.25)
      (net 4 /Sensing_Network_1/OUT2))
    (pad 2 smd roundrect (at 0.7875 0 270) (size 0.875 0.95) (layers F.Cu F.Paste F.Mask) (roundrect_rratio 0.25)
      (net 11 /IN0B))
    (model ${KISYS3DMOD}/Resistor_SMD.3dshapes/R_0603_1608Metric.wrl
      (at (xyz 0 0 0))
      (scale (xyz 1 1 1))
      (rotate (xyz 0 0 0))
    )
  )

  (module Resistor_SMD:R_0603_1608Metric (layer F.Cu) (tedit 5B301BBD) (tstamp 5F5F7FCA)
    (at 93.597 48.058 270)
    (descr "Resistor SMD 0603 (1608 Metric), square (rectangular) end terminal, IPC_7351 nominal, (Body size source: http://www.tortai-tech.com/upload/download/2011102023233369053.pdf), generated with kicad-footprint-generator")
    (tags resistor)
    (path /5F156100/5F15F8F1)
    (attr smd)
    (fp_text reference R4 (at -0.1 -1.23 90) (layer F.SilkS)
      (effects (font (size 0.8 0.8) (thickness 0.15)))
    )
    (fp_text value 0R (at 0 1.43 90) (layer F.Fab)
      (effects (font (size 1 1) (thickness 0.15)))
    )
    (fp_line (start 1.48 0.73) (end -1.48 0.73) (layer F.CrtYd) (width 0.05))
    (fp_line (start 1.48 -0.73) (end 1.48 0.73) (layer F.CrtYd) (width 0.05))
    (fp_line (start -1.48 -0.73) (end 1.48 -0.73) (layer F.CrtYd) (width 0.05))
    (fp_line (start -1.48 0.73) (end -1.48 -0.73) (layer F.CrtYd) (width 0.05))
    (fp_line (start -0.162779 0.51) (end 0.162779 0.51) (layer F.SilkS) (width 0.12))
    (fp_line (start -0.162779 -0.51) (end 0.162779 -0.51) (layer F.SilkS) (width 0.12))
    (fp_line (start 0.8 0.4) (end -0.8 0.4) (layer F.Fab) (width 0.1))
    (fp_line (start 0.8 -0.4) (end 0.8 0.4) (layer F.Fab) (width 0.1))
    (fp_line (start -0.8 -0.4) (end 0.8 -0.4) (layer F.Fab) (width 0.1))
    (fp_line (start -0.8 0.4) (end -0.8 -0.4) (layer F.Fab) (width 0.1))
    (fp_text user %R (at 0 0 90) (layer F.Fab)
      (effects (font (size 1 1) (thickness 0.15)))
    )
    (pad 1 smd roundrect (at -0.7875 0 270) (size 0.875 0.95) (layers F.Cu F.Paste F.Mask) (roundrect_rratio 0.25)
      (net 3 /Sensing_Network_1/OUT1))
    (pad 2 smd roundrect (at 0.7875 0 270) (size 0.875 0.95) (layers F.Cu F.Paste F.Mask) (roundrect_rratio 0.25)
      (net 10 /IN0A))
    (model ${KISYS3DMOD}/Resistor_SMD.3dshapes/R_0603_1608Metric.wrl
      (at (xyz 0 0 0))
      (scale (xyz 1 1 1))
      (rotate (xyz 0 0 0))
    )
  )

  (module Inductor_SMD:L_1210_3225Metric (layer F.Cu) (tedit 5B301BBE) (tstamp 5F5F817A)
    (at 88.613 44.919)
    (descr "Inductor SMD 1210 (3225 Metric), square (rectangular) end terminal, IPC_7351 nominal, (Body size source: http://www.tortai-tech.com/upload/download/2011102023233369053.pdf), generated with kicad-footprint-generator")
    (tags inductor)
    (path /5F1662AF/5F15F92E)
    (attr smd)
    (fp_text reference L2 (at -2.676 -0.031 90) (layer F.SilkS)
      (effects (font (size 0.8 0.8) (thickness 0.15)))
    )
    (fp_text value 18uH (at 0 2.28) (layer F.Fab)
      (effects (font (size 1 1) (thickness 0.15)))
    )
    (fp_line (start 2.28 1.58) (end -2.28 1.58) (layer F.CrtYd) (width 0.05))
    (fp_line (start 2.28 -1.58) (end 2.28 1.58) (layer F.CrtYd) (width 0.05))
    (fp_line (start -2.28 -1.58) (end 2.28 -1.58) (layer F.CrtYd) (width 0.05))
    (fp_line (start -2.28 1.58) (end -2.28 -1.58) (layer F.CrtYd) (width 0.05))
    (fp_line (start -0.602064 1.36) (end 0.602064 1.36) (layer F.SilkS) (width 0.12))
    (fp_line (start -0.602064 -1.36) (end 0.602064 -1.36) (layer F.SilkS) (width 0.12))
    (fp_line (start 1.6 1.25) (end -1.6 1.25) (layer F.Fab) (width 0.1))
    (fp_line (start 1.6 -1.25) (end 1.6 1.25) (layer F.Fab) (width 0.1))
    (fp_line (start -1.6 -1.25) (end 1.6 -1.25) (layer F.Fab) (width 0.1))
    (fp_line (start -1.6 1.25) (end -1.6 -1.25) (layer F.Fab) (width 0.1))
    (fp_text user %R (at 0 0) (layer F.Fab)
      (effects (font (size 1 1) (thickness 0.15)))
    )
    (pad 1 smd roundrect (at -1.4 0) (size 1.25 2.65) (layers F.Cu F.Paste F.Mask) (roundrect_rratio 0.2)
      (net 6 /Sensing_Network_2/OUT2))
    (pad 2 smd roundrect (at 1.4 0) (size 1.25 2.65) (layers F.Cu F.Paste F.Mask) (roundrect_rratio 0.2)
      (net 5 /Sensing_Network_2/OUT1))
    (model ${KISYS3DMOD}/Inductor_SMD.3dshapes/L_1210_3225Metric.wrl
      (at (xyz 0 0 0))
      (scale (xyz 1 1 1))
      (rotate (xyz 0 0 0))
    )
  )

  (module Inductor_SMD:L_1210_3225Metric (layer F.Cu) (tedit 5B301BBE) (tstamp 5F5F7F3A)
    (at 93.402 44.911)
    (descr "Inductor SMD 1210 (3225 Metric), square (rectangular) end terminal, IPC_7351 nominal, (Body size source: http://www.tortai-tech.com/upload/download/2011102023233369053.pdf), generated with kicad-footprint-generator")
    (tags inductor)
    (path /5F156100/5F15F92E)
    (attr smd)
    (fp_text reference L1 (at 2.673 -0.01 270) (layer F.SilkS)
      (effects (font (size 0.8 0.8) (thickness 0.15)))
    )
    (fp_text value 18uH (at 0 2.28) (layer F.Fab)
      (effects (font (size 1 1) (thickness 0.15)))
    )
    (fp_line (start 2.28 1.58) (end -2.28 1.58) (layer F.CrtYd) (width 0.05))
    (fp_line (start 2.28 -1.58) (end 2.28 1.58) (layer F.CrtYd) (width 0.05))
    (fp_line (start -2.28 -1.58) (end 2.28 -1.58) (layer F.CrtYd) (width 0.05))
    (fp_line (start -2.28 1.58) (end -2.28 -1.58) (layer F.CrtYd) (width 0.05))
    (fp_line (start -0.602064 1.36) (end 0.602064 1.36) (layer F.SilkS) (width 0.12))
    (fp_line (start -0.602064 -1.36) (end 0.602064 -1.36) (layer F.SilkS) (width 0.12))
    (fp_line (start 1.6 1.25) (end -1.6 1.25) (layer F.Fab) (width 0.1))
    (fp_line (start 1.6 -1.25) (end 1.6 1.25) (layer F.Fab) (width 0.1))
    (fp_line (start -1.6 -1.25) (end 1.6 -1.25) (layer F.Fab) (width 0.1))
    (fp_line (start -1.6 1.25) (end -1.6 -1.25) (layer F.Fab) (width 0.1))
    (fp_text user %R (at 0 0) (layer F.Fab)
      (effects (font (size 1 1) (thickness 0.15)))
    )
    (pad 1 smd roundrect (at -1.4 0) (size 1.25 2.65) (layers F.Cu F.Paste F.Mask) (roundrect_rratio 0.2)
      (net 4 /Sensing_Network_1/OUT2))
    (pad 2 smd roundrect (at 1.4 0) (size 1.25 2.65) (layers F.Cu F.Paste F.Mask) (roundrect_rratio 0.2)
      (net 3 /Sensing_Network_1/OUT1))
    (model ${KISYS3DMOD}/Inductor_SMD.3dshapes/L_1210_3225Metric.wrl
      (at (xyz 0 0 0))
      (scale (xyz 1 1 1))
      (rotate (xyz 0 0 0))
    )
  )

  (module Capacitor_SMD:C_0603_1608Metric (layer F.Cu) (tedit 5B301BBE) (tstamp 5F5F814A)
    (at 88.008 41.974 180)
    (descr "Capacitor SMD 0603 (1608 Metric), square (rectangular) end terminal, IPC_7351 nominal, (Body size source: http://www.tortai-tech.com/upload/download/2011102023233369053.pdf), generated with kicad-footprint-generator")
    (tags capacitor)
    (path /5F1662AF/5F15F937)
    (attr smd)
    (fp_text reference C12 (at -2.382 -0.066) (layer F.SilkS)
      (effects (font (size 0.8 0.8) (thickness 0.15)))
    )
    (fp_text value 33pF (at 0 1.43) (layer F.Fab)
      (effects (font (size 1 1) (thickness 0.15)))
    )
    (fp_line (start 1.48 0.73) (end -1.48 0.73) (layer F.CrtYd) (width 0.05))
    (fp_line (start 1.48 -0.73) (end 1.48 0.73) (layer F.CrtYd) (width 0.05))
    (fp_line (start -1.48 -0.73) (end 1.48 -0.73) (layer F.CrtYd) (width 0.05))
    (fp_line (start -1.48 0.73) (end -1.48 -0.73) (layer F.CrtYd) (width 0.05))
    (fp_line (start -0.162779 0.51) (end 0.162779 0.51) (layer F.SilkS) (width 0.12))
    (fp_line (start -0.162779 -0.51) (end 0.162779 -0.51) (layer F.SilkS) (width 0.12))
    (fp_line (start 0.8 0.4) (end -0.8 0.4) (layer F.Fab) (width 0.1))
    (fp_line (start 0.8 -0.4) (end 0.8 0.4) (layer F.Fab) (width 0.1))
    (fp_line (start -0.8 -0.4) (end 0.8 -0.4) (layer F.Fab) (width 0.1))
    (fp_line (start -0.8 0.4) (end -0.8 -0.4) (layer F.Fab) (width 0.1))
    (fp_text user %R (at 0 0) (layer F.Fab)
      (effects (font (size 1 1) (thickness 0.15)))
    )
    (pad 1 smd roundrect (at -0.7875 0 180) (size 0.875 0.95) (layers F.Cu F.Paste F.Mask) (roundrect_rratio 0.25)
      (net 5 /Sensing_Network_2/OUT1))
    (pad 2 smd roundrect (at 0.7875 0 180) (size 0.875 0.95) (layers F.Cu F.Paste F.Mask) (roundrect_rratio 0.25)
      (net 6 /Sensing_Network_2/OUT2))
    (model ${KISYS3DMOD}/Capacitor_SMD.3dshapes/C_0603_1608Metric.wrl
      (at (xyz 0 0 0))
      (scale (xyz 1 1 1))
      (rotate (xyz 0 0 0))
    )
  )

  (module Capacitor_SMD:C_0603_1608Metric (layer B.Cu) (tedit 5B301BBE) (tstamp 5F5F820A)
    (at 87.203 44.775 90)
    (descr "Capacitor SMD 0603 (1608 Metric), square (rectangular) end terminal, IPC_7351 nominal, (Body size source: http://www.tortai-tech.com/upload/download/2011102023233369053.pdf), generated with kicad-footprint-generator")
    (tags capacitor)
    (path /5F1662AF/5F15F909)
    (attr smd)
    (fp_text reference C11 (at -0.06 -1.25 270) (layer B.SilkS)
      (effects (font (size 0.8 0.8) (thickness 0.15)) (justify mirror))
    )
    (fp_text value 18pF (at 0 -1.43 270) (layer B.Fab)
      (effects (font (size 1 1) (thickness 0.15)) (justify mirror))
    )
    (fp_line (start 1.48 -0.73) (end -1.48 -0.73) (layer B.CrtYd) (width 0.05))
    (fp_line (start 1.48 0.73) (end 1.48 -0.73) (layer B.CrtYd) (width 0.05))
    (fp_line (start -1.48 0.73) (end 1.48 0.73) (layer B.CrtYd) (width 0.05))
    (fp_line (start -1.48 -0.73) (end -1.48 0.73) (layer B.CrtYd) (width 0.05))
    (fp_line (start -0.162779 -0.51) (end 0.162779 -0.51) (layer B.SilkS) (width 0.12))
    (fp_line (start -0.162779 0.51) (end 0.162779 0.51) (layer B.SilkS) (width 0.12))
    (fp_line (start 0.8 -0.4) (end -0.8 -0.4) (layer B.Fab) (width 0.1))
    (fp_line (start 0.8 0.4) (end 0.8 -0.4) (layer B.Fab) (width 0.1))
    (fp_line (start -0.8 0.4) (end 0.8 0.4) (layer B.Fab) (width 0.1))
    (fp_line (start -0.8 -0.4) (end -0.8 0.4) (layer B.Fab) (width 0.1))
    (fp_text user %R (at 0 0 270) (layer B.Fab)
      (effects (font (size 1 1) (thickness 0.15)) (justify mirror))
    )
    (pad 1 smd roundrect (at -0.7875 0 90) (size 0.875 0.95) (layers B.Cu B.Paste B.Mask) (roundrect_rratio 0.25)
      (net 1 GND))
    (pad 2 smd roundrect (at 0.7875 0 90) (size 0.875 0.95) (layers B.Cu B.Paste B.Mask) (roundrect_rratio 0.25)
      (net 6 /Sensing_Network_2/OUT2))
    (model ${KISYS3DMOD}/Capacitor_SMD.3dshapes/C_0603_1608Metric.wrl
      (at (xyz 0 0 0))
      (scale (xyz 1 1 1))
      (rotate (xyz 0 0 0))
    )
  )

  (module Capacitor_SMD:C_0603_1608Metric (layer B.Cu) (tedit 5B301BBE) (tstamp 5F5F7F6A)
    (at 88.485 48.049 270)
    (descr "Capacitor SMD 0603 (1608 Metric), square (rectangular) end terminal, IPC_7351 nominal, (Body size source: http://www.tortai-tech.com/upload/download/2011102023233369053.pdf), generated with kicad-footprint-generator")
    (tags capacitor)
    (path /5F1662AF/5F15F8FD)
    (attr smd)
    (fp_text reference C9 (at -0.062 1.165 90) (layer B.SilkS)
      (effects (font (size 0.8 0.8) (thickness 0.15)) (justify mirror))
    )
    (fp_text value 18pF (at 0 -1.43 90) (layer B.Fab)
      (effects (font (size 1 1) (thickness 0.15)) (justify mirror))
    )
    (fp_line (start 1.48 -0.73) (end -1.48 -0.73) (layer B.CrtYd) (width 0.05))
    (fp_line (start 1.48 0.73) (end 1.48 -0.73) (layer B.CrtYd) (width 0.05))
    (fp_line (start -1.48 0.73) (end 1.48 0.73) (layer B.CrtYd) (width 0.05))
    (fp_line (start -1.48 -0.73) (end -1.48 0.73) (layer B.CrtYd) (width 0.05))
    (fp_line (start -0.162779 -0.51) (end 0.162779 -0.51) (layer B.SilkS) (width 0.12))
    (fp_line (start -0.162779 0.51) (end 0.162779 0.51) (layer B.SilkS) (width 0.12))
    (fp_line (start 0.8 -0.4) (end -0.8 -0.4) (layer B.Fab) (width 0.1))
    (fp_line (start 0.8 0.4) (end 0.8 -0.4) (layer B.Fab) (width 0.1))
    (fp_line (start -0.8 0.4) (end 0.8 0.4) (layer B.Fab) (width 0.1))
    (fp_line (start -0.8 -0.4) (end -0.8 0.4) (layer B.Fab) (width 0.1))
    (fp_text user %R (at 0 0 90) (layer B.Fab)
      (effects (font (size 1 1) (thickness 0.15)) (justify mirror))
    )
    (pad 1 smd roundrect (at -0.7875 0 270) (size 0.875 0.95) (layers B.Cu B.Paste B.Mask) (roundrect_rratio 0.25)
      (net 1 GND))
    (pad 2 smd roundrect (at 0.7875 0 270) (size 0.875 0.95) (layers B.Cu B.Paste B.Mask) (roundrect_rratio 0.25)
      (net 13 /IN1B))
    (model ${KISYS3DMOD}/Capacitor_SMD.3dshapes/C_0603_1608Metric.wrl
      (at (xyz 0 0 0))
      (scale (xyz 1 1 1))
      (rotate (xyz 0 0 0))
    )
  )

  (module Capacitor_SMD:C_0603_1608Metric (layer B.Cu) (tedit 5B301BBE) (tstamp 5F5F811A)
    (at 90.036 48.049 90)
    (descr "Capacitor SMD 0603 (1608 Metric), square (rectangular) end terminal, IPC_7351 nominal, (Body size source: http://www.tortai-tech.com/upload/download/2011102023233369053.pdf), generated with kicad-footprint-generator")
    (tags capacitor)
    (path /5F1662AF/5F15F8EB)
    (attr smd)
    (fp_text reference C8 (at -1.764 0.046) (layer B.SilkS)
      (effects (font (size 0.8 0.8) (thickness 0.15)) (justify mirror))
    )
    (fp_text value 18pF (at 0 -1.43 90) (layer B.Fab)
      (effects (font (size 1 1) (thickness 0.15)) (justify mirror))
    )
    (fp_line (start 1.48 -0.73) (end -1.48 -0.73) (layer B.CrtYd) (width 0.05))
    (fp_line (start 1.48 0.73) (end 1.48 -0.73) (layer B.CrtYd) (width 0.05))
    (fp_line (start -1.48 0.73) (end 1.48 0.73) (layer B.CrtYd) (width 0.05))
    (fp_line (start -1.48 -0.73) (end -1.48 0.73) (layer B.CrtYd) (width 0.05))
    (fp_line (start -0.162779 -0.51) (end 0.162779 -0.51) (layer B.SilkS) (width 0.12))
    (fp_line (start -0.162779 0.51) (end 0.162779 0.51) (layer B.SilkS) (width 0.12))
    (fp_line (start 0.8 -0.4) (end -0.8 -0.4) (layer B.Fab) (width 0.1))
    (fp_line (start 0.8 0.4) (end 0.8 -0.4) (layer B.Fab) (width 0.1))
    (fp_line (start -0.8 0.4) (end 0.8 0.4) (layer B.Fab) (width 0.1))
    (fp_line (start -0.8 -0.4) (end -0.8 0.4) (layer B.Fab) (width 0.1))
    (fp_text user %R (at 0 0 90) (layer B.Fab)
      (effects (font (size 1 1) (thickness 0.15)) (justify mirror))
    )
    (pad 1 smd roundrect (at -0.7875 0 90) (size 0.875 0.95) (layers B.Cu B.Paste B.Mask) (roundrect_rratio 0.25)
      (net 12 /IN1A))
    (pad 2 smd roundrect (at 0.7875 0 90) (size 0.875 0.95) (layers B.Cu B.Paste B.Mask) (roundrect_rratio 0.25)
      (net 1 GND))
    (model ${KISYS3DMOD}/Capacitor_SMD.3dshapes/C_0603_1608Metric.wrl
      (at (xyz 0 0 0))
      (scale (xyz 1 1 1))
      (rotate (xyz 0 0 0))
    )
  )

  (module Capacitor_SMD:C_0603_1608Metric (layer F.Cu) (tedit 5B301BBE) (tstamp 5F5F80EA)
    (at 94.078 42.005 180)
    (descr "Capacitor SMD 0603 (1608 Metric), square (rectangular) end terminal, IPC_7351 nominal, (Body size source: http://www.tortai-tech.com/upload/download/2011102023233369053.pdf), generated with kicad-footprint-generator")
    (tags capacitor)
    (path /5F156100/5F15F937)
    (attr smd)
    (fp_text reference C7 (at -1.992 -0.035) (layer F.SilkS)
      (effects (font (size 0.8 0.8) (thickness 0.15)))
    )
    (fp_text value 33pF (at 0 1.43) (layer F.Fab)
      (effects (font (size 1 1) (thickness 0.15)))
    )
    (fp_line (start 1.48 0.73) (end -1.48 0.73) (layer F.CrtYd) (width 0.05))
    (fp_line (start 1.48 -0.73) (end 1.48 0.73) (layer F.CrtYd) (width 0.05))
    (fp_line (start -1.48 -0.73) (end 1.48 -0.73) (layer F.CrtYd) (width 0.05))
    (fp_line (start -1.48 0.73) (end -1.48 -0.73) (layer F.CrtYd) (width 0.05))
    (fp_line (start -0.162779 0.51) (end 0.162779 0.51) (layer F.SilkS) (width 0.12))
    (fp_line (start -0.162779 -0.51) (end 0.162779 -0.51) (layer F.SilkS) (width 0.12))
    (fp_line (start 0.8 0.4) (end -0.8 0.4) (layer F.Fab) (width 0.1))
    (fp_line (start 0.8 -0.4) (end 0.8 0.4) (layer F.Fab) (width 0.1))
    (fp_line (start -0.8 -0.4) (end 0.8 -0.4) (layer F.Fab) (width 0.1))
    (fp_line (start -0.8 0.4) (end -0.8 -0.4) (layer F.Fab) (width 0.1))
    (fp_text user %R (at 0 0) (layer F.Fab)
